# Wavelength (micron), (rp/rs), Error
2.735510 2.135850e-02 4.474000e-04
2.738910 2.104840e-02 4.033000e-04
2.742310 2.113760e-02 3.694000e-04
2.745710 2.114990e-02 3.532000e-04
2.749110 2.149420e-02 3.249000e-04
2.752500 2.076250e-02 2.914000e-04
2.755900 2.083830e-02 2.937000e-04
2.759300 2.134970e-02 2.500000e-04
2.762700 2.128540e-02 2.420000e-04
2.766100 2.143930e-02 2.468000e-04
2.769500 2.151680e-02 1.993000e-04
2.772900 2.117050e-02 1.973000e-04
2.776290 2.119790e-02 1.890000e-04
2.779690 2.137530e-02 1.799000e-04
2.783090 2.094990e-02 1.773000e-04
2.786490 2.136330e-02 1.735000e-04
2.789890 2.137750e-02 1.669000e-04
2.793280 2.140680e-02 1.560000e-04
2.796680 2.120390e-02 1.517000e-04
2.800080 2.111600e-02 1.423000e-04
2.803480 2.113550e-02 1.444000e-04
2.806870 2.103720e-02 1.407000e-04
2.810270 2.098990e-02 1.310000e-04
2.813670 2.129750e-02 1.355000e-04
2.817070 2.102620e-02 1.333000e-04
2.820460 2.132800e-02 1.276000e-04
2.823860 2.110290e-02 1.234000e-04
2.827260 2.111460e-02 1.215000e-04
2.830650 2.097150e-02 1.229000e-04
2.834050 2.123800e-02 1.259000e-04
2.837450 2.131810e-02 1.179000e-04
2.840840 2.096420e-02 1.179000e-04
2.844240 2.090800e-02 1.167000e-04
2.847640 2.122770e-02 1.117000e-04
2.851030 2.100740e-02 1.180000e-04
2.854430 2.130070e-02 1.140000e-04
2.857820 2.102440e-02 1.140000e-04
2.861220 2.075170e-02 1.088000e-04
2.864620 2.093190e-02 1.116000e-04
2.868010 2.116210e-02 1.070000e-04
2.871410 2.109210e-02 1.125000e-04
2.874800 2.084070e-02 1.174000e-04
2.878200 2.078360e-02 1.085000e-04
2.881590 2.083310e-02 1.085000e-04
2.884990 2.070230e-02 1.075000e-04
2.888380 2.097370e-02 1.126000e-04
2.891780 2.088120e-02 1.090000e-04
2.895170 2.063870e-02 1.178000e-04
2.898570 2.076790e-02 1.091000e-04
2.901960 2.071180e-02 1.124000e-04
2.905360 2.094060e-02 1.044000e-04
2.908750 2.093820e-02 1.102000e-04
2.915540 2.053040e-02 1.059000e-04
2.918940 2.094240e-02 1.047000e-04
2.922330 2.103170e-02 1.089000e-04
2.925720 2.070240e-02 1.011000e-04
2.929120 2.090240e-02 1.027000e-04
2.932510 2.082540e-02 1.063000e-04
2.935900 2.073510e-02 1.022000e-04
2.939300 2.087610e-02 1.027000e-04
2.942690 2.084630e-02 1.043000e-04
2.946080 2.083190e-02 1.011000e-04
2.949480 2.063030e-02 1.030000e-04
2.952870 2.073470e-02 1.032000e-04
2.956260 2.069440e-02 9.930000e-05
2.959660 2.077820e-02 9.460000e-05
2.963050 2.069190e-02 9.850000e-05
2.966440 2.068790e-02 9.870000e-05
2.969840 2.094530e-02 1.000000e-04
2.973230 2.077660e-02 1.001000e-04
2.976620 2.063070e-02 1.007000e-04
2.980010 2.081540e-02 9.870000e-05
2.983400 2.066620e-02 1.091000e-04
2.986800 2.069530e-02 9.760000e-05
2.990190 2.056840e-02 9.320000e-05
2.993580 2.064750e-02 9.920000e-05
2.996970 2.077830e-02 1.148000e-04
3.000360 2.087750e-02 1.003000e-04
3.003760 2.071360e-02 9.560000e-05
3.007150 2.072220e-02 9.550000e-05
3.010540 2.060050e-02 9.700000e-05
3.013930 2.066400e-02 9.610000e-05
3.017320 2.085790e-02 9.750000e-05
3.020710 2.084310e-02 9.270000e-05
3.024100 2.047460e-02 9.590000e-05
3.027490 2.055230e-02 9.660000e-05
3.030880 2.099220e-02 9.650000e-05
3.034270 2.081730e-02 9.940000e-05
3.037660 2.047290e-02 9.310000e-05
3.041050 2.068240e-02 1.002000e-04
3.044440 2.090700e-02 9.600000e-05
3.047830 2.059570e-02 9.280000e-05
3.051220 2.075020e-02 9.520000e-05
3.054610 2.084680e-02 9.600000e-05
3.058000 2.066670e-02 1.022000e-04
3.061390 2.072500e-02 9.540000e-05
3.064780 2.088960e-02 9.960000e-05
3.068170 2.055050e-02 9.520000e-05
3.071560 2.069540e-02 9.330000e-05
3.074950 2.047900e-02 1.007000e-04
3.078340 2.071850e-02 9.520000e-05
3.081730 2.079380e-02 9.490000e-05
3.085120 2.061330e-02 9.860000e-05
3.088510 2.079320e-02 9.540000e-05
3.091900 2.072400e-02 9.810000e-05
3.095280 2.073800e-02 9.590000e-05
3.098670 2.085170e-02 9.980000e-05
3.102060 2.049790e-02 9.780000e-05
3.105450 2.088220e-02 9.760000e-05
3.108840 2.071600e-02 9.480000e-05
3.112230 2.047540e-02 9.410000e-05
3.115610 2.065340e-02 9.580000e-05
3.119000 2.049850e-02 9.760000e-05
3.122390 2.080770e-02 9.710000e-05
3.125780 2.072080e-02 9.610000e-05
3.129160 2.063570e-02 9.690000e-05
3.132550 2.058440e-02 9.580000e-05
3.135940 2.034870e-02 9.790000e-05
3.139320 2.074470e-02 9.180000e-05
3.142710 2.044440e-02 9.620000e-05
3.146100 2.061290e-02 9.550000e-05
3.149480 2.041530e-02 9.360000e-05
3.152870 2.051370e-02 9.780000e-05
3.156260 2.058910e-02 9.380000e-05
3.159640 2.074370e-02 9.320000e-05
3.163030 2.063780e-02 9.880000e-05
3.166420 2.068600e-02 9.410000e-05
3.169800 2.061370e-02 9.410000e-05
3.173190 2.057240e-02 9.910000e-05
3.176570 2.071840e-02 1.041000e-04
3.179960 2.068310e-02 9.910000e-05
3.183340 2.071170e-02 9.570000e-05
3.186730 2.065240e-02 9.440000e-05
3.190120 2.062030e-02 9.680000e-05
3.193500 2.071530e-02 9.860000e-05
3.196890 2.061260e-02 9.680000e-05
3.200270 2.055720e-02 9.550000e-05
3.203650 2.075950e-02 9.470000e-05
3.207040 2.068360e-02 9.680000e-05
3.210420 2.066870e-02 9.680000e-05
3.213810 2.074310e-02 9.630000e-05
3.217190 2.059930e-02 9.890000e-05
3.220580 2.078970e-02 9.720000e-05
3.223960 2.048290e-02 1.150000e-04
3.227340 2.068570e-02 9.910000e-05
3.230730 2.065350e-02 1.018000e-04
3.234110 2.065200e-02 1.017000e-04
3.237500 2.064590e-02 1.002000e-04
3.240880 2.045670e-02 9.680000e-05
3.244260 2.062610e-02 9.830000e-05
3.247640 2.065100e-02 9.940000e-05
3.251030 2.054720e-02 1.032000e-04
3.254410 2.048240e-02 9.820000e-05
3.257790 2.043850e-02 9.810000e-05
3.261180 2.065110e-02 9.500000e-05
3.264560 2.066740e-02 9.640000e-05
3.267940 2.052140e-02 1.049000e-04
3.271320 2.076110e-02 9.470000e-05
3.274710 2.054570e-02 9.750000e-05
3.278090 2.064420e-02 9.570000e-05
3.281470 2.061530e-02 9.940000e-05
3.284850 2.041220e-02 1.002000e-04
3.288230 2.065320e-02 9.680000e-05
3.291610 2.064410e-02 9.910000e-05
3.295000 2.069940e-02 9.640000e-05
3.298380 2.080640e-02 1.003000e-04
3.301760 2.068140e-02 9.970000e-05
3.305140 2.047170e-02 9.970000e-05
3.308520 2.055030e-02 9.770000e-05
3.311900 2.049370e-02 9.980000e-05
3.315280 2.078240e-02 1.011000e-04
3.318660 2.077220e-02 1.011000e-04
3.322040 2.085000e-02 9.970000e-05
3.325420 2.083830e-02 1.004000e-04
3.328800 2.080560e-02 9.720000e-05
3.332180 2.061400e-02 9.760000e-05
3.335560 2.061710e-02 9.570000e-05
3.338940 2.067750e-02 1.143000e-04
3.342320 2.054290e-02 1.065000e-04
3.345700 2.093100e-02 1.042000e-04
3.349080 2.059670e-02 9.740000e-05
3.352460 2.074270e-02 9.750000e-05
3.355840 2.069770e-02 1.024000e-04
3.362590 2.055640e-02 9.990000e-05
3.365970 2.067850e-02 9.310000e-05
3.369350 2.056770e-02 9.620000e-05
3.372730 2.055810e-02 9.720000e-05
3.376110 2.047320e-02 9.470000e-05
3.379490 2.072360e-02 9.680000e-05
3.382860 2.057140e-02 1.009000e-04
3.386240 2.066470e-02 1.006000e-04
3.389620 2.040630e-02 9.740000e-05
3.393000 2.068680e-02 1.005000e-04
3.396370 2.065060e-02 1.014000e-04
3.399750 2.049010e-02 1.045000e-04
3.403130 2.060180e-02 9.700000e-05
3.406510 2.045010e-02 1.027000e-04
3.409880 2.060540e-02 1.007000e-04
3.413260 2.077280e-02 1.052000e-04
3.416640 2.074580e-02 1.162000e-04
3.420010 2.042600e-02 9.850000e-05
3.423390 2.062900e-02 1.001000e-04
3.426770 2.051270e-02 9.670000e-05
3.430140 2.045120e-02 1.048000e-04
3.433520 2.087400e-02 1.011000e-04
3.436890 2.056380e-02 9.930000e-05
3.440270 2.068560e-02 1.007000e-04
3.443640 2.067500e-02 1.010000e-04
3.447020 2.057350e-02 1.044000e-04
3.450390 2.048520e-02 1.033000e-04
3.453770 2.059230e-02 9.920000e-05
3.457140 2.072580e-02 1.012000e-04
3.460520 2.057040e-02 1.002000e-04
3.463890 2.056960e-02 1.055000e-04
3.467270 2.066590e-02 1.014000e-04
3.470640 2.055380e-02 1.028000e-04
3.474020 2.048610e-02 1.052000e-04
3.477390 2.056440e-02 1.019000e-04
3.480770 2.052680e-02 1.034000e-04
3.484140 2.052530e-02 1.036000e-04
3.487510 2.064900e-02 1.040000e-04
3.490890 2.072040e-02 1.024000e-04
3.494260 2.051300e-02 9.910000e-05
3.497630 2.038610e-02 9.790000e-05
3.501010 2.054610e-02 1.005000e-04
3.504380 2.051510e-02 1.028000e-04
3.507750 2.062760e-02 1.068000e-04
3.511120 2.055410e-02 1.058000e-04
3.514500 2.073430e-02 1.060000e-04
3.517870 2.070100e-02 1.032000e-04
3.521240 2.054890e-02 1.074000e-04
3.524610 2.060850e-02 1.120000e-04
3.527990 2.045670e-02 1.195000e-04
3.531360 2.063250e-02 1.060000e-04
3.534730 2.069270e-02 9.980000e-05
3.538100 2.044960e-02 1.047000e-04
3.541470 2.065710e-02 1.103000e-04
3.544840 2.053310e-02 1.060000e-04
3.548210 2.056030e-02 1.060000e-04
3.551590 2.058250e-02 1.046000e-04
3.554960 2.063060e-02 1.036000e-04
3.558330 2.046410e-02 1.063000e-04
3.561700 2.057360e-02 1.157000e-04
3.565070 2.030590e-02 1.138000e-04
3.568440 2.038640e-02 1.063000e-04
3.571810 2.075980e-02 1.028000e-04
3.575180 2.068620e-02 1.067000e-04
3.578550 2.058700e-02 1.046000e-04
3.581920 2.063120e-02 1.076000e-04
3.585290 2.029100e-02 1.074000e-04
3.588660 2.058940e-02 1.078000e-04
3.592030 2.053660e-02 1.116000e-04
3.595390 2.059690e-02 1.084000e-04
3.598760 2.050780e-02 1.042000e-04
3.602130 2.065550e-02 1.081000e-04
3.605500 2.069600e-02 1.043000e-04
3.608870 2.057700e-02 1.050000e-04
3.612240 2.048230e-02 1.050000e-04
3.615610 2.047860e-02 1.119000e-04
3.618970 2.054390e-02 1.106000e-04
3.622340 2.034070e-02 1.061000e-04
3.625710 2.032530e-02 1.084000e-04
3.629080 2.048900e-02 1.124000e-04
3.632440 2.069250e-02 1.100000e-04
3.635810 2.050800e-02 1.078000e-04
3.639180 2.053230e-02 1.131000e-04
3.642540 2.045910e-02 1.090000e-04
3.645910 2.047660e-02 1.084000e-04
3.649280 2.047920e-02 1.169000e-04
3.652640 2.054690e-02 1.197000e-04
3.656010 2.074350e-02 1.079000e-04
3.659380 2.056750e-02 1.115000e-04
3.662740 2.054290e-02 1.127000e-04
3.666110 2.048100e-02 1.123000e-04
3.669470 2.073610e-02 1.088000e-04
3.672840 2.062040e-02 1.119000e-04
3.676210 2.046200e-02 1.087000e-04
3.679570 2.043150e-02 1.174000e-04
3.682940 2.068260e-02 1.128000e-04
3.686300 2.050300e-02 1.127000e-04
3.689670 2.060240e-02 1.131000e-04
3.693030 2.065030e-02 1.111000e-04
3.696390 2.048200e-02 1.173000e-04
3.699760 2.048310e-02 1.130000e-04
3.703120 2.058780e-02 1.126000e-04
3.706490 2.032850e-02 1.172000e-04
3.709850 2.041090e-02 1.192000e-04
3.713890 2.042480e-02 1.068000e-04
3.829610 2.073050e-02 1.129000e-04
3.834310 2.063970e-02 1.187000e-04
3.839010 2.032280e-02 1.190000e-04
3.843710 2.034130e-02 1.190000e-04
3.848410 2.056600e-02 1.206000e-04
3.853110 2.046120e-02 1.150000e-04
3.857810 2.027330e-02 1.212000e-04
3.862510 2.062230e-02 1.150000e-04
3.867210 2.048350e-02 1.259000e-04
3.871900 2.043360e-02 1.226000e-04
3.876600 2.065600e-02 1.170000e-04
3.881300 2.047910e-02 1.180000e-04
3.886000 2.048810e-02 1.236000e-04
3.890690 2.045400e-02 1.164000e-04
3.895390 2.049880e-02 1.272000e-04
3.900090 2.044490e-02 1.189000e-04
3.904780 2.056290e-02 1.253000e-04
3.909480 2.044040e-02 1.252000e-04
3.914170 2.031690e-02 1.348000e-04
3.918870 2.070930e-02 1.231000e-04
3.923560 2.062710e-02 1.189000e-04
3.928260 2.042780e-02 1.272000e-04
3.932950 2.062490e-02 1.211000e-04
3.937650 2.043410e-02 1.261000e-04
3.942340 2.040520e-02 1.197000e-04
3.947030 2.042450e-02 1.241000e-04
3.951730 2.077700e-02 1.274000e-04
3.956420 2.075440e-02 1.263000e-04
3.961110 2.061970e-02 1.248000e-04
3.965790 2.071270e-02 1.251000e-04
3.970470 2.074510e-02 1.267000e-04
3.975160 2.060050e-02 1.236000e-04
3.979850 2.076720e-02 1.282000e-04
3.984540 2.079980e-02 1.275000e-04
3.989230 2.058720e-02 1.299000e-04
3.993920 2.052420e-02 1.310000e-04
3.998610 2.057790e-02 1.236000e-04
4.003300 2.047280e-02 1.277000e-04
4.007990 2.086990e-02 1.320000e-04
4.012680 2.050470e-02 1.239000e-04
4.017360 2.063540e-02 1.269000e-04
4.022050 2.057690e-02 1.315000e-04
4.026740 2.049320e-02 1.339000e-04
4.031430 2.077510e-02 1.421000e-04
4.036120 2.054520e-02 1.300000e-04
4.040800 2.080420e-02 1.254000e-04
4.045490 2.063180e-02 1.285000e-04
4.050170 2.109670e-02 1.328000e-04
4.054860 2.083140e-02 1.325000e-04
4.059550 2.086040e-02 1.355000e-04
4.064230 2.064330e-02 1.339000e-04
4.068920 2.061660e-02 1.316000e-04
4.073600 2.060590e-02 1.317000e-04
4.078280 2.065570e-02 1.432000e-04
4.082970 2.065570e-02 1.353000e-04
4.087650 2.062470e-02 1.348000e-04
4.092340 2.064820e-02 1.342000e-04
4.097020 2.046210e-02 1.378000e-04
4.101700 2.061700e-02 1.353000e-04
4.106380 2.029100e-02 1.348000e-04
4.111060 2.050580e-02 1.439000e-04
4.115750 2.035400e-02 1.372000e-04
4.120430 2.068130e-02 1.322000e-04
4.125110 2.035270e-02 1.298000e-04
4.129750 2.065250e-02 1.335000e-04
4.134440 2.068150e-02 1.407000e-04
4.139120 2.079190e-02 1.374000e-04
4.143800 2.044310e-02 1.369000e-04
4.148480 2.034340e-02 1.377000e-04
4.153150 2.053360e-02 1.410000e-04
4.157830 2.059360e-02 1.448000e-04
4.162480 2.066580e-02 1.387000e-04
4.167160 2.063420e-02 1.431000e-04
4.171830 2.066290e-02 1.371000e-04
4.176510 2.054570e-02 1.371000e-04
4.181190 2.088470e-02 1.433000e-04
4.185860 2.066090e-02 1.394000e-04
4.190540 2.065500e-02 1.453000e-04
4.195220 2.060670e-02 1.418000e-04
4.199890 2.069800e-02 1.427000e-04
4.204570 2.081070e-02 1.504000e-04
4.209240 2.078240e-02 1.450000e-04
4.213910 2.088290e-02 1.490000e-04
4.218590 2.094650e-02 1.410000e-04
4.223260 2.098490e-02 1.420000e-04
4.227940 2.126300e-02 1.468000e-04
4.232610 2.099530e-02 1.430000e-04
4.237280 2.126540e-02 1.413000e-04
4.241950 2.133940e-02 1.443000e-04
4.246620 2.114840e-02 1.435000e-04
4.251300 2.113640e-02 1.467000e-04
4.255970 2.139650e-02 1.448000e-04
4.260640 2.141830e-02 1.534000e-04
4.265280 2.128890e-02 1.506000e-04
4.269950 2.161240e-02 1.482000e-04
4.274610 2.139030e-02 1.483000e-04
4.279280 2.127300e-02 1.464000e-04
4.283950 2.135810e-02 1.547000e-04
4.288590 2.191250e-02 1.549000e-04
4.293260 2.154340e-02 1.471000e-04
4.297930 2.163440e-02 1.659000e-04
4.302590 2.163420e-02 1.576000e-04
4.307260 2.156820e-02 1.590000e-04
4.311930 2.129300e-02 1.589000e-04
4.316590 2.124520e-02 1.592000e-04
4.321260 2.161010e-02 1.617000e-04
4.325920 2.172760e-02 1.596000e-04
4.330590 2.153590e-02 1.625000e-04
4.335250 2.132990e-02 1.540000e-04
4.339920 2.165110e-02 1.570000e-04
4.344580 2.172250e-02 1.539000e-04
4.349250 2.163380e-02 1.622000e-04
4.353910 2.169280e-02 1.690000e-04
4.358570 2.166940e-02 1.640000e-04
4.363230 2.147730e-02 1.568000e-04
4.367900 2.144130e-02 1.658000e-04
4.372530 2.144570e-02 1.658000e-04
4.377190 2.129340e-02 1.686000e-04
4.381850 2.140490e-02 1.703000e-04
4.386510 2.130690e-02 1.635000e-04
4.391140 2.139900e-02 1.744000e-04
4.395800 2.128000e-02 1.698000e-04
4.400460 2.140310e-02 1.751000e-04
4.405120 2.097570e-02 1.699000e-04
4.409770 2.128100e-02 1.821000e-04
4.414430 2.107610e-02 1.709000e-04
4.419090 2.102210e-02 1.676000e-04
4.423750 2.118730e-02 1.790000e-04
4.428410 2.102370e-02 1.749000e-04
4.433060 2.141530e-02 1.757000e-04
4.437720 2.118860e-02 1.779000e-04
4.442370 2.094250e-02 1.731000e-04
4.447030 2.089370e-02 1.765000e-04
4.451680 2.073830e-02 1.797000e-04
4.456320 2.112470e-02 1.799000e-04
4.460960 2.090760e-02 1.748000e-04
4.465620 2.098630e-02 1.781000e-04
4.470270 2.106900e-02 1.772000e-04
4.474890 2.108270e-02 1.796000e-04
4.479540 2.093720e-02 1.888000e-04
4.484200 2.058500e-02 1.819000e-04
4.488850 2.075230e-02 1.833000e-04
4.493500 2.038530e-02 1.760000e-04
4.498150 2.091680e-02 1.797000e-04
4.502800 2.080550e-02 1.977000e-04
4.507450 2.072230e-02 1.881000e-04
4.512100 2.075050e-02 1.874000e-04
4.516750 2.062620e-02 1.763000e-04
4.521400 2.075530e-02 1.891000e-04
4.526050 2.097140e-02 1.930000e-04
4.530700 2.091040e-02 1.831000e-04
4.535310 2.069510e-02 1.824000e-04
4.539960 2.086860e-02 1.853000e-04
4.544610 2.065150e-02 1.968000e-04
4.549220 2.054770e-02 1.861000e-04
4.553870 2.072530e-02 1.883000e-04
4.558510 2.065590e-02 1.875000e-04
4.563160 2.033240e-02 1.904000e-04
4.567810 2.092780e-02 1.947000e-04
4.572450 2.096080e-02 1.965000e-04
4.577090 2.102220e-02 1.962000e-04
4.581740 2.096970e-02 1.964000e-04
4.586380 2.081290e-02 1.956000e-04
4.591020 2.104270e-02 1.983000e-04
4.595670 2.050180e-02 1.950000e-04
4.600310 2.059600e-02 1.917000e-04
4.604920 2.085410e-02 2.007000e-04
4.609560 2.056250e-02 2.018000e-04
4.614200 2.086810e-02 1.925000e-04
4.618810 2.073870e-02 1.935000e-04
4.623450 2.075920e-02 1.910000e-04
4.628090 2.048350e-02 1.943000e-04
4.632730 2.089410e-02 1.954000e-04
4.637370 2.092010e-02 1.989000e-04
4.642000 2.085810e-02 1.960000e-04
4.646640 2.111100e-02 2.052000e-04
4.651280 2.089640e-02 2.014000e-04
4.655920 2.094230e-02 2.022000e-04
4.660550 2.051570e-02 2.077000e-04
4.665190 2.065470e-02 2.141000e-04
4.669790 2.066230e-02 1.938000e-04
4.674430 2.098970e-02 2.041000e-04
4.679050 2.097140e-02 2.106000e-04
4.683660 2.052850e-02 2.100000e-04
4.688300 2.073490e-02 2.090000e-04
4.692930 2.083140e-02 2.091000e-04
4.697560 2.121260e-02 2.014000e-04
4.702200 2.074120e-02 2.203000e-04
4.706830 2.060610e-02 2.142000e-04
4.711460 2.054530e-02 2.066000e-04
4.716090 2.102770e-02 2.103000e-04
4.720720 2.078840e-02 2.130000e-04
4.725350 2.043640e-02 2.041000e-04
4.729950 2.121320e-02 2.053000e-04
4.734580 2.050750e-02 2.047000e-04
4.739180 2.051750e-02 2.096000e-04
4.743800 2.058560e-02 2.167000e-04
4.748430 2.101800e-02 2.078000e-04
4.753060 2.039010e-02 2.008000e-04
4.757690 2.058070e-02 2.149000e-04
4.762310 2.094210e-02 2.085000e-04
4.766940 2.027260e-02 2.195000e-04
4.771560 2.011700e-02 2.111000e-04
4.776190 2.065720e-02 2.184000e-04
4.780810 2.057220e-02 2.187000e-04
4.785410 2.081530e-02 2.197000e-04
4.790030 2.039680e-02 2.061000e-04
4.794620 2.078140e-02 2.233000e-04
4.799240 2.042060e-02 2.184000e-04
4.803870 2.055970e-02 2.228000e-04
4.808490 2.062260e-02 2.161000e-04
4.813110 2.064270e-02 2.153000e-04
4.817730 2.062780e-02 2.198000e-04
4.822350 2.053470e-02 2.225000e-04
4.826970 2.067500e-02 2.214000e-04
4.831590 2.064360e-02 2.234000e-04
4.836180 2.060840e-02 2.190000e-04
4.840800 2.062130e-02 2.172000e-04
4.845380 2.041190e-02 2.198000e-04
4.850000 2.079760e-02 2.206000e-04
4.854620 2.103030e-02 2.336000e-04
4.859230 2.055110e-02 2.141000e-04
4.863850 2.043180e-02 2.235000e-04
4.868460 2.078590e-02 2.273000e-04
4.873080 2.080500e-02 2.328000e-04
4.877690 2.096920e-02 2.310000e-04
4.882310 2.079080e-02 2.249000e-04
4.886890 2.096510e-02 2.328000e-04
4.891510 2.081860e-02 2.310000e-04
4.896080 2.073510e-02 2.346000e-04
4.900690 2.025400e-02 2.381000e-04
4.905310 2.037530e-02 2.259000e-04
4.909920 2.042200e-02 2.314000e-04
4.914530 2.046330e-02 2.289000e-04
4.919140 2.043590e-02 2.371000e-04
4.923750 2.060200e-02 2.223000e-04
4.928360 2.058650e-02 2.440000e-04
4.932930 2.111080e-02 2.370000e-04
4.937540 2.077580e-02 2.352000e-04
4.942120 2.075620e-02 2.348000e-04
4.946720 2.029860e-02 2.321000e-04
4.951330 2.062410e-02 2.352000e-04
4.955940 2.041010e-02 2.448000e-04
4.960540 2.063540e-02 2.439000e-04
4.965150 2.037010e-02 2.341000e-04
4.969750 2.052250e-02 2.522000e-04
4.974350 2.054260e-02 2.385000e-04
4.978920 2.077630e-02 2.363000e-04
4.983490 2.073540e-02 2.454000e-04
4.988100 2.006750e-02 2.342000e-04
4.992700 2.057430e-02 2.460000e-04
4.997300 2.004160e-02 2.478000e-04
5.001900 2.066610e-02 2.464000e-04
5.006500 2.033000e-02 2.436000e-04
5.011100 2.080470e-02 2.491000e-04
5.015700 2.051180e-02 2.571000e-04
5.020270 2.073420e-02 2.537000e-04
5.024870 2.021270e-02 2.456000e-04
5.029430 2.063720e-02 2.542000e-04
5.034030 2.039380e-02 2.501000e-04
5.038620 2.065440e-02 2.719000e-04
5.043220 2.106580e-02 2.497000e-04
5.047810 2.029500e-02 2.538000e-04
5.052410 2.002180e-02 2.552000e-04
5.057000 2.038280e-02 2.518000e-04
5.061560 2.003700e-02 2.496000e-04
5.066140 2.059060e-02 2.618000e-04
5.070720 2.047510e-02 2.572000e-04
5.075310 2.081870e-02 2.493000e-04
5.079900 2.063320e-02 2.475000e-04
5.084490 2.054970e-02 2.478000e-04
5.089080 2.063770e-02 2.479000e-04
5.093670 2.058760e-02 2.512000e-04
5.098260 2.056500e-02 2.779000e-04
5.102820 2.035540e-02 2.541000e-04
5.107400 2.020910e-02 2.513000e-04
5.111990 2.073150e-02 2.829000e-04
5.116580 2.075760e-02 2.574000e-04
5.121160 2.053890e-02 2.618000e-04
5.125750 2.029120e-02 2.398000e-04
5.130340 2.124820e-02 3.141000e-04
5.134920 2.029640e-02 2.619000e-04
5.139470 2.071010e-02 2.484000e-04
5.144050 2.054350e-02 2.578000e-04
5.148640 2.039950e-02 2.655000e-04
5.153220 2.077020e-02 2.590000e-04
5.157800 2.063050e-02 2.856000e-04
5.163690 2.032820e-02 2.276000e-04
