# Wavelength(micron) (Rp/Rs)^2 sqrt((Rp/Rs)^2)
1.258925e+01 3.101832e-02 6.047312e-04
1.237264e+01 3.086016e-02 6.047312e-04
1.215975e+01 3.081693e-02 6.047312e-04
1.195052e+01 3.076218e-02 6.047312e-04
1.174490e+01 3.077338e-02 6.047312e-04
1.154281e+01 3.074039e-02 6.047312e-04
1.134420e+01 3.071334e-02 6.047312e-04
1.114901e+01 3.080299e-02 6.047312e-04
1.095717e+01 3.089274e-02 6.047312e-04
1.076864e+01 3.085437e-02 6.047312e-04
1.058335e+01 3.099901e-02 6.047312e-04
1.040125e+01 3.110453e-02 6.047312e-04
1.022228e+01 3.116170e-02 6.047312e-04
1.004639e+01 3.127133e-02 6.047312e-04
9.873528e+00 3.139883e-02 6.047312e-04
9.703640e+00 3.158106e-02 6.047312e-04
9.536675e+00 3.176360e-02 6.047312e-04
9.372583e+00 3.192383e-02 6.047312e-04
9.211314e+00 3.206441e-02 6.047312e-04
9.052821e+00 3.228202e-02 6.047312e-04
8.897054e+00 3.244049e-02 6.047312e-04
8.743968e+00 3.258592e-02 6.047312e-04
8.593515e+00 3.272166e-02 6.047312e-04
8.445652e+00 3.281035e-02 6.047312e-04
8.300332e+00 3.289973e-02 6.047312e-04
8.157513e+00 3.292303e-02 6.047312e-04
8.017152e+00 3.296475e-02 6.047312e-04
7.879205e+00 3.312067e-02 6.047312e-04
7.743632e+00 3.315482e-02 6.047312e-04
7.610392e+00 3.290866e-02 6.047312e-04
7.479445e+00 3.304456e-02 6.047312e-04
7.350750e+00 3.306756e-02 6.047312e-04
7.224270e+00 3.298001e-02 6.047312e-04
7.099966e+00 3.278109e-02 6.047312e-04
6.977801e+00 3.253897e-02 6.047312e-04
6.857738e+00 3.242683e-02 6.047312e-04
6.739741e+00 3.229946e-02 6.047312e-04
6.623774e+00 3.226568e-02 6.047312e-04
6.509803e+00 3.242119e-02 6.047312e-04
6.397793e+00 3.239905e-02 6.047312e-04
6.287709e+00 3.228391e-02 6.047312e-04
6.179520e+00 3.225597e-02 6.047312e-04
6.073193e+00 3.227325e-02 6.047312e-04
5.968695e+00 3.217161e-02 6.047312e-04
5.865995e+00 3.225630e-02 6.047312e-04
5.765063e+00 3.208613e-02 6.047312e-04
5.665866e+00 3.208862e-02 6.047312e-04
5.568377e+00 3.210469e-02 6.047312e-04
5.472565e+00 3.205384e-02 6.047312e-04
5.378402e+00 3.196866e-02 6.047312e-04
5.285859e+00 3.184166e-02 6.047312e-04
5.194908e+00 3.175542e-02 6.047312e-04
5.105523e+00 3.173591e-02 6.047312e-04
5.017675e+00 3.163281e-02 6.047312e-04
4.931339e+00 3.148938e-02 6.047312e-04
4.846488e+00 3.141459e-02 6.047312e-04
4.763097e+00 3.132173e-02 6.047312e-04
4.681141e+00 3.128270e-02 6.047312e-04
4.600596e+00 3.144002e-02 6.047312e-04
4.521436e+00 3.183876e-02 6.047312e-04
4.443638e+00 3.222788e-02 6.047312e-04
4.367179e+00 3.234612e-02 6.047312e-04
4.292036e+00 3.235271e-02 6.047312e-04
4.218185e+00 3.187396e-02 6.047312e-04
4.145605e+00 3.153737e-02 6.047312e-04
4.074274e+00 3.164430e-02 6.047312e-04
4.004171e+00 3.181453e-02 6.047312e-04
3.935273e+00 3.194768e-02 6.047312e-04
3.867561e+00 3.208064e-02 6.047312e-04
3.801014e+00 3.223482e-02 6.047312e-04
3.735612e+00 3.240230e-02 6.047312e-04
3.671336e+00 3.261872e-02 6.047312e-04
3.608165e+00 3.281715e-02 6.047312e-04
3.546082e+00 3.297326e-02 6.047312e-04
3.485066e+00 3.298241e-02 6.047312e-04
3.425101e+00 3.300525e-02 6.047312e-04
3.366167e+00 3.311476e-02 6.047312e-04
3.308247e+00 3.307098e-02 6.047312e-04
3.251324e+00 3.301658e-02 6.047312e-04
3.195381e+00 3.308778e-02 6.047312e-04
3.140400e+00 3.303818e-02 6.047312e-04
3.086365e+00 3.277562e-02 6.047312e-04
3.033259e+00 3.231790e-02 6.047312e-04
2.981068e+00 3.190129e-02 6.047312e-04
2.929774e+00 3.178697e-02 6.047312e-04
2.879363e+00 3.162144e-02 6.047312e-04
2.829820e+00 3.166615e-02 6.047312e-04
2.781129e+00 3.161433e-02 6.047312e-04
2.733276e+00 3.169810e-02 6.047312e-04
2.686246e+00 3.180014e-02 6.047312e-04
2.640025e+00 3.181767e-02 6.047312e-04
2.594600e+00 3.197970e-02 6.047312e-04
2.549956e+00 3.201506e-02 6.047312e-04
2.506080e+00 3.214652e-02 6.047312e-04
2.462960e+00 3.228129e-02 6.047312e-04
2.420581e+00 3.238927e-02 6.047312e-04
2.378931e+00 3.256774e-02 6.047312e-04
2.337998e+00 3.259561e-02 6.047312e-04
2.297770e+00 3.247419e-02 6.047312e-04
2.258233e+00 3.243188e-02 6.047312e-04
2.219377e+00 3.230834e-02 6.047312e-04
2.181190e+00 3.194472e-02 6.047312e-04
2.143659e+00 3.157865e-02 6.047312e-04
2.106775e+00 3.127999e-02 6.047312e-04
2.070525e+00 3.100798e-02 6.047312e-04
2.034898e+00 3.088360e-02 6.047312e-04
1.999885e+00 3.090602e-02 6.047312e-04
1.965474e+00 3.094581e-02 6.047312e-04
1.931655e+00 3.103743e-02 6.047312e-04
1.898419e+00 3.110398e-02 6.047312e-04
1.865754e+00 3.136449e-02 6.047312e-04
1.833651e+00 3.140619e-02 6.047312e-04
1.802100e+00 3.154856e-02 6.047312e-04
1.771092e+00 3.157104e-02 6.047312e-04
1.740618e+00 3.160194e-02 6.047312e-04
1.710668e+00 3.166069e-02 6.047312e-04
1.681234e+00 3.175150e-02 6.047312e-04
1.652306e+00 3.158486e-02 6.047312e-04
1.623876e+00 3.160532e-02 6.047312e-04
1.595935e+00 3.105794e-02 6.047312e-04
1.568474e+00 3.062221e-02 6.047312e-04
1.541486e+00 3.051858e-02 6.047312e-04
1.514963e+00 3.060628e-02 6.047312e-04
1.488896e+00 3.081721e-02 6.047312e-04
1.463277e+00 3.105143e-02 6.047312e-04
1.438100e+00 3.126749e-02 6.047312e-04
1.413355e+00 3.144410e-02 6.047312e-04
1.389036e+00 3.151894e-02 6.047312e-04
1.365136e+00 3.145138e-02 6.047312e-04
1.341647e+00 3.122796e-02 6.047312e-04
1.318562e+00 3.074954e-02 6.047312e-04
1.295874e+00 3.042328e-02 6.047312e-04
1.273577e+00 3.014445e-02 6.047312e-04
1.251663e+00 3.004623e-02 6.047312e-04
1.230126e+00 3.025162e-02 6.047312e-04
1.208960e+00 3.059085e-02 6.047312e-04
1.188158e+00 3.091089e-02 6.047312e-04
1.167715e+00 3.112952e-02 6.047312e-04
1.147622e+00 3.100151e-02 6.047312e-04
1.127876e+00 3.082243e-02 6.047312e-04
1.108469e+00 3.058834e-02 6.047312e-04
1.089396e+00 3.014064e-02 6.047312e-04
1.070652e+00 2.990253e-02 6.047312e-04
1.052230e+00 2.987342e-02 6.047312e-04
1.034125e+00 3.001915e-02 6.047312e-04
1.016331e+00 3.019119e-02 6.047312e-04
9.988436e-01 3.028930e-02 6.047312e-04
9.816571e-01 3.024551e-02 6.047312e-04
9.647663e-01 3.022319e-02 6.047312e-04
9.481661e-01 3.012501e-02 6.047312e-04
9.318516e-01 3.009669e-02 6.047312e-04
9.158177e-01 2.998053e-02 6.047312e-04
9.000598e-01 3.024570e-02 6.047312e-04
8.845730e-01 3.010020e-02 6.047312e-04
8.693526e-01 2.973668e-02 6.047312e-04
8.543942e-01 2.964369e-02 6.047312e-04
8.396931e-01 2.958982e-02 6.047312e-04
8.252450e-01 2.901111e-02 6.047312e-04
8.110455e-01 2.901101e-02 6.047312e-04
7.970903e-01 2.888293e-02 6.047312e-04
7.833753e-01 2.889467e-02 6.047312e-04
7.698962e-01 2.891433e-02 6.047312e-04
7.566490e-01 2.898789e-02 6.047312e-04
7.436298e-01 2.905566e-02 6.047312e-04
7.308346e-01 2.911755e-02 6.047312e-04
7.182595e-01 2.915868e-02 6.047312e-04
7.059009e-01 2.907585e-02 6.047312e-04
6.937548e-01 2.909638e-02 6.047312e-04
6.818178e-01 2.910128e-02 6.047312e-04
6.700862e-01 2.913566e-02 6.047312e-04
6.585564e-01 2.917434e-02 6.047312e-04
6.472250e-01 2.920715e-02 6.047312e-04
6.360886e-01 2.922612e-02 6.047312e-04
6.251438e-01 2.925769e-02 6.047312e-04
6.143873e-01 2.928983e-02 6.047312e-04
6.038159e-01 2.932802e-02 6.047312e-04
5.934264e-01 2.936565e-02 6.047312e-04
5.832156e-01 2.938681e-02 6.047312e-04
5.731806e-01 2.941594e-02 6.047312e-04
5.633182e-01 2.944687e-02 6.047312e-04
5.536255e-01 2.947928e-02 6.047312e-04
5.440996e-01 2.951204e-02 6.047312e-04
5.347376e-01 2.954377e-02 6.047312e-04
5.255367e-01 2.957613e-02 6.047312e-04
5.164941e-01 2.960907e-02 6.047312e-04
5.076070e-01 2.964224e-02 6.047312e-04
4.988729e-01 2.967418e-02 6.047312e-04
4.902891e-01 2.970665e-02 6.047312e-04
4.818530e-01 2.973948e-02 6.047312e-04
4.735620e-01 2.977240e-02 6.047312e-04
4.654137e-01 2.980531e-02 6.047312e-04
4.574056e-01 2.983825e-02 6.047312e-04
4.495353e-01 2.987136e-02 6.047312e-04
4.418004e-01 2.990449e-02 6.047312e-04
4.341986e-01 2.993752e-02 6.047312e-04
4.267276e-01 2.997074e-02 6.047312e-04
4.193852e-01 3.000402e-02 6.047312e-04
4.121690e-01 3.003727e-02 6.047312e-04
4.050771e-01 3.007063e-02 6.047312e-04
3.981072e-01 3.010392e-02 6.047312e-04
