# Wavelength(micron) (Rp/Rs)^2 sqrt((Rp/Rs)^2)
7.943282e+02 3.231208e-02 6.071793e-04
8.082351e+02 3.208436e-02 6.071793e-04
8.223854e+02 3.191202e-02 6.071793e-04
8.367834e+02 3.181171e-02 6.071793e-04
8.514335e+02 3.168193e-02 6.071793e-04
8.663402e+02 3.157726e-02 6.071793e-04
8.815077e+02 3.156780e-02 6.071793e-04
8.969409e+02 3.151428e-02 6.071793e-04
9.126442e+02 3.144819e-02 6.071793e-04
9.286225e+02 3.138489e-02 6.071793e-04
9.448805e+02 3.133023e-02 6.071793e-04
9.614231e+02 3.129229e-02 6.071793e-04
9.782554e+02 3.131488e-02 6.071793e-04
9.953824e+02 3.147676e-02 6.071793e-04
1.012809e+03 3.159168e-02 6.071793e-04
1.030541e+03 3.170735e-02 6.071793e-04
1.048583e+03 3.175163e-02 6.071793e-04
1.066942e+03 3.187743e-02 6.071793e-04
1.085621e+03 3.200780e-02 6.071793e-04
1.104628e+03 3.197244e-02 6.071793e-04
1.123968e+03 3.186328e-02 6.071793e-04
1.143646e+03 3.199417e-02 6.071793e-04
1.163668e+03 3.216691e-02 6.071793e-04
1.184041e+03 3.227374e-02 6.071793e-04
1.204771e+03 3.239807e-02 6.071793e-04
1.225864e+03 3.242464e-02 6.071793e-04
1.247326e+03 3.248789e-02 6.071793e-04
1.269164e+03 3.273358e-02 6.071793e-04
1.291384e+03 3.280870e-02 6.071793e-04
1.313993e+03 3.239664e-02 6.071793e-04
1.336998e+03 3.260503e-02 6.071793e-04
1.360405e+03 3.264496e-02 6.071793e-04
1.384223e+03 3.251319e-02 6.071793e-04
1.408457e+03 3.220870e-02 6.071793e-04
1.433116e+03 3.190187e-02 6.071793e-04
1.458207e+03 3.171606e-02 6.071793e-04
1.483737e+03 3.158564e-02 6.071793e-04
1.509713e+03 3.150943e-02 6.071793e-04
1.536145e+03 3.174352e-02 6.071793e-04
1.563039e+03 3.175618e-02 6.071793e-04
1.590404e+03 3.163729e-02 6.071793e-04
1.618249e+03 3.160151e-02 6.071793e-04
1.646580e+03 3.161286e-02 6.071793e-04
1.675408e+03 3.149215e-02 6.071793e-04
1.704741e+03 3.157037e-02 6.071793e-04
1.734587e+03 3.138247e-02 6.071793e-04
1.764955e+03 3.136795e-02 6.071793e-04
1.795855e+03 3.139710e-02 6.071793e-04
1.827297e+03 3.136233e-02 6.071793e-04
1.859288e+03 3.129986e-02 6.071793e-04
1.891840e+03 3.119561e-02 6.071793e-04
1.924962e+03 3.113582e-02 6.071793e-04
1.958663e+03 3.112035e-02 6.071793e-04
1.992955e+03 3.112946e-02 6.071793e-04
2.027847e+03 3.129274e-02 6.071793e-04
2.063350e+03 3.159258e-02 6.071793e-04
2.099474e+03 3.188005e-02 6.071793e-04
2.136231e+03 3.231082e-02 6.071793e-04
2.173632e+03 3.285158e-02 6.071793e-04
2.211687e+03 3.311999e-02 6.071793e-04
2.250408e+03 3.318332e-02 6.071793e-04
2.289808e+03 3.319977e-02 6.071793e-04
2.329897e+03 3.312463e-02 6.071793e-04
2.370688e+03 3.230866e-02 6.071793e-04
2.412193e+03 3.111876e-02 6.071793e-04
2.454425e+03 3.110648e-02 6.071793e-04
2.497396e+03 3.120679e-02 6.071793e-04
2.541120e+03 3.133139e-02 6.071793e-04
2.585609e+03 3.146608e-02 6.071793e-04
2.630877e+03 3.162406e-02 6.071793e-04
2.676937e+03 3.180151e-02 6.071793e-04
2.723804e+03 3.204332e-02 6.071793e-04
2.771492e+03 3.228436e-02 6.071793e-04
2.820014e+03 3.250197e-02 6.071793e-04
2.869386e+03 3.252191e-02 6.071793e-04
2.919622e+03 3.255275e-02 6.071793e-04
2.970738e+03 3.274059e-02 6.071793e-04
3.022748e+03 3.269801e-02 6.071793e-04
3.075670e+03 3.257322e-02 6.071793e-04
3.129518e+03 3.268516e-02 6.071793e-04
3.184308e+03 3.260940e-02 6.071793e-04
3.240058e+03 3.223466e-02 6.071793e-04
3.296784e+03 3.169646e-02 6.071793e-04
3.354503e+03 3.158403e-02 6.071793e-04
3.413232e+03 3.205273e-02 6.071793e-04
3.472990e+03 3.241052e-02 6.071793e-04
3.533794e+03 3.248932e-02 6.071793e-04
3.595662e+03 3.252671e-02 6.071793e-04
3.658614e+03 3.264821e-02 6.071793e-04
3.722668e+03 3.263991e-02 6.071793e-04
3.787843e+03 3.149844e-02 6.071793e-04
3.854159e+03 3.133356e-02 6.071793e-04
3.921637e+03 3.132038e-02 6.071793e-04
3.990295e+03 3.146098e-02 6.071793e-04
4.060156e+03 3.163517e-02 6.071793e-04
4.131240e+03 3.177637e-02 6.071793e-04
4.203568e+03 3.198209e-02 6.071793e-04
4.277163e+03 3.201355e-02 6.071793e-04
4.352046e+03 3.187482e-02 6.071793e-04
4.428240e+03 3.183198e-02 6.071793e-04
4.505768e+03 3.170272e-02 6.071793e-04
4.584654e+03 3.136957e-02 6.071793e-04
4.664920e+03 3.117380e-02 6.071793e-04
4.746592e+03 3.116051e-02 6.071793e-04
4.829694e+03 3.125986e-02 6.071793e-04
4.914250e+03 3.144194e-02 6.071793e-04
5.000287e+03 3.111551e-02 6.071793e-04
5.087831e+03 3.107720e-02 6.071793e-04
5.176907e+03 3.077004e-02 6.071793e-04
5.267542e+03 3.036526e-02 6.071793e-04
5.359765e+03 3.052742e-02 6.071793e-04
5.453602e+03 3.064178e-02 6.071793e-04
5.549082e+03 3.081039e-02 6.071793e-04
5.646233e+03 3.088146e-02 6.071793e-04
5.745085e+03 3.094715e-02 6.071793e-04
5.845668e+03 3.102398e-02 6.071793e-04
5.948012e+03 3.112706e-02 6.071793e-04
6.052148e+03 3.097882e-02 6.071793e-04
6.158107e+03 3.102397e-02 6.071793e-04
6.265921e+03 3.055658e-02 6.071793e-04
6.375623e+03 3.014826e-02 6.071793e-04
6.487245e+03 2.982579e-02 6.071793e-04
6.600822e+03 2.986167e-02 6.071793e-04
6.716386e+03 3.009319e-02 6.071793e-04
6.833975e+03 3.038027e-02 6.071793e-04
6.953622e+03 3.052803e-02 6.071793e-04
7.075363e+03 3.063729e-02 6.071793e-04
7.199236e+03 3.073358e-02 6.071793e-04
7.325278e+03 3.062144e-02 6.071793e-04
7.453527e+03 3.042404e-02 6.071793e-04
7.584020e+03 3.010470e-02 6.071793e-04
7.716799e+03 2.977949e-02 6.071793e-04
7.851902e+03 2.951603e-02 6.071793e-04
7.989371e+03 2.946668e-02 6.071793e-04
8.129246e+03 2.965127e-02 6.071793e-04
8.271570e+03 2.993130e-02 6.071793e-04
8.416386e+03 3.020631e-02 6.071793e-04
8.563737e+03 3.040151e-02 6.071793e-04
8.713668e+03 3.029806e-02 6.071793e-04
8.866224e+03 3.007958e-02 6.071793e-04
9.021451e+03 2.985548e-02 6.071793e-04
9.179395e+03 2.948051e-02 6.071793e-04
9.340105e+03 2.928691e-02 6.071793e-04
9.503628e+03 2.925372e-02 6.071793e-04
9.670015e+03 2.937156e-02 6.071793e-04
9.839314e+03 2.952286e-02 6.071793e-04
1.001158e+04 2.959737e-02 6.071793e-04
1.018686e+04 2.951523e-02 6.071793e-04
1.036520e+04 2.944243e-02 6.071793e-04
1.054668e+04 2.934788e-02 6.071793e-04
1.073132e+04 2.925701e-02 6.071793e-04
1.091920e+04 2.931377e-02 6.071793e-04
1.111037e+04 2.956192e-02 6.071793e-04
1.130489e+04 2.946803e-02 6.071793e-04
1.150281e+04 2.917515e-02 6.071793e-04
1.170420e+04 2.910421e-02 6.071793e-04
1.190911e+04 2.905856e-02 6.071793e-04
1.211761e+04 2.875175e-02 6.071793e-04
1.232976e+04 2.878164e-02 6.071793e-04
1.254563e+04 2.880618e-02 6.071793e-04
1.276527e+04 2.883637e-02 6.071793e-04
1.298876e+04 2.886683e-02 6.071793e-04
1.321617e+04 2.889882e-02 6.071793e-04
1.344755e+04 2.893112e-02 6.071793e-04
1.368299e+04 2.896381e-02 6.071793e-04
1.392254e+04 2.899538e-02 6.071793e-04
1.416630e+04 2.902269e-02 6.071793e-04
1.441431e+04 2.905379e-02 6.071793e-04
1.466667e+04 2.908469e-02 6.071793e-04
1.492345e+04 2.911615e-02 6.071793e-04
1.518473e+04 2.914781e-02 6.071793e-04
1.545058e+04 2.917941e-02 6.071793e-04
1.572108e+04 2.921084e-02 6.071793e-04
1.599632e+04 2.924256e-02 6.071793e-04
1.627638e+04 2.927429e-02 6.071793e-04
1.656134e+04 2.930625e-02 6.071793e-04
1.685129e+04 2.933826e-02 6.071793e-04
1.714632e+04 2.936998e-02 6.071793e-04
1.744651e+04 2.940197e-02 6.071793e-04
1.775196e+04 2.943405e-02 6.071793e-04
1.806275e+04 2.946616e-02 6.071793e-04
1.837899e+04 2.949839e-02 6.071793e-04
1.870076e+04 2.953067e-02 6.071793e-04
1.902817e+04 2.956296e-02 6.071793e-04
1.936131e+04 2.959539e-02 6.071793e-04
1.970028e+04 2.962787e-02 6.071793e-04
2.004518e+04 2.966034e-02 6.071793e-04
2.039613e+04 2.969293e-02 6.071793e-04
2.075322e+04 2.972558e-02 6.071793e-04
2.111656e+04 2.975830e-02 6.071793e-04
2.148626e+04 2.979107e-02 6.071793e-04
2.186243e+04 2.982383e-02 6.071793e-04
2.224519e+04 2.985671e-02 6.071793e-04
2.263465e+04 2.988965e-02 6.071793e-04
2.303093e+04 2.992257e-02 6.071793e-04
2.343415e+04 2.995560e-02 6.071793e-04
2.384443e+04 2.998869e-02 6.071793e-04
2.426189e+04 3.002175e-02 6.071793e-04
2.468666e+04 3.005493e-02 6.071793e-04
2.511886e+04 3.008802e-02 6.071793e-04
